13 401
	R	G	B	X	Y	Z	A	D50	D55	D65	D75	C	1
380	3e-05	-1e-05	0.00117	0	0	0	0.10542	0.24488	0.32584	0.48032	0.66703	0.33		1
381	3e-05	-1e-05	0.00117	0.0015	4e-05	0.00708	0.10773	0.25026	0.33134	0.48481	0.67029	0.34384		1
382	3e-05	-1e-05	0.00117	0.00164	5e-05	0.00775	0.11008	0.25564	0.33684	0.4893	0.67355	0.35768		1
383	3e-05	-1e-05	0.00117	0.0018	5e-05	0.0085	0.11245	0.26103	0.34235	0.49379	0.67681	0.37152		1
384	3e-05	-1e-05	0.00117	0.002	6e-05	0.00941	0.11486	0.26641	0.34785	0.49829	0.68007	0.38536		1
385	5e-05	-2e-05	0.00189	0.00224	6e-05	0.01055	0.11731	0.27179	0.35335	0.50278	0.68333	0.3992		1
386	5e-05	-2e-05	0.00189	0.00254	7e-05	0.01197	0.11979	0.27717	0.35885	0.50727	0.68659	0.41416		1
387	5e-05	-2e-05	0.00189	0.00289	8e-05	0.01366	0.12231	0.28256	0.36436	0.51176	0.68985	0.42912		1
388	5e-05	-2e-05	0.00189	0.0033	9e-05	0.01559	0.12486	0.28794	0.36986	0.51625	0.69311	0.44408		1
389	5e-05	-2e-05	0.00189	0.00375	0.00011	0.01773	0.12745	0.29333	0.37537	0.52074	0.69637	0.45904		1
390	0.0001	-4e-05	0.00359	0.00424	0.00012	0.02005	0.13007	0.29871	0.38087	0.52523	0.69963	0.474		1
391	0.0001	-4e-05	0.00359	0.00476	0.00013	0.02251	0.13273	0.31815	0.40373	0.55225	0.7316	0.48954		1
392	0.0001	-4e-05	0.00359	0.00533	0.00015	0.0252	0.13543	0.33758	0.42659	0.57926	0.76356	0.50508		1
393	0.0001	-4e-05	0.00359	0.00598	0.00017	0.02828	0.13816	0.35702	0.44946	0.60627	0.79553	0.52062		1
394	0.0001	-4e-05	0.00359	0.00674	0.00019	0.0319	0.14093	0.37645	0.47232	0.63329	0.82749	0.53616		1
395	0.00017	-7e-05	0.00647	0.00765	0.00022	0.03621	0.14373	0.39589	0.49518	0.6603	0.85946	0.5517		1
396	0.00017	-7e-05	0.00647	0.00875	0.00025	0.04144	0.14657	0.41533	0.51804	0.68731	0.89143	0.56796		1
397	0.00017	-7e-05	0.00647	0.01003	0.00028	0.0475	0.14945	0.43477	0.5409	0.71433	0.92339	0.58422		1
398	0.00017	-7e-05	0.00647	0.01142	0.00032	0.05412	0.15236	0.4542	0.56377	0.74134	0.95536	0.60048		1
399	0.00017	-7e-05	0.00647	0.01287	0.00036	0.061	0.15531	0.47364	0.58663	0.76835	0.98732	0.61674		1
400	0.0003	-0.00014	0.01214	0.01431	0.0004	0.06785	0.1583	0.49308	0.60949	0.79537	1.01929	0.633		1
401	0.0003	-0.00014	0.01214	0.0157	0.00043	0.07449	0.16133	0.50028	0.61709	0.80376	1.02925	0.65002		1
402	0.0003	-0.00014	0.01214	0.01715	0.00047	0.08136	0.16439	0.50749	0.6247	0.81215	1.03922	0.66704		1
403	0.0003	-0.00014	0.01214	0.01878	0.00052	0.08915	0.16749	0.51469	0.6323	0.82054	1.04918	0.68406		1
404	0.0003	-0.00014	0.01214	0.02075	0.00057	0.09854	0.17062	0.5219	0.63991	0.82893	1.05915	0.70108		1
405	0.00047	-0.00022	0.01969	0.02319	0.00064	0.1102	0.1738	0.5291	0.64751	0.83733	1.06911	0.7181		1
406	0.00047	-0.00022	0.01969	0.02621	0.00072	0.12461	0.17701	0.53631	0.65512	0.84572	1.07908	0.73568		1
407	0.00047	-0.00022	0.01969	0.02978	0.00083	0.1417	0.18026	0.54351	0.66272	0.85411	1.08904	0.75326		1
408	0.00047	-0.00022	0.01969	0.03388	0.00094	0.1613	0.18355	0.55072	0.67033	0.8625	1.09901	0.77084		1
409	0.00047	-0.00022	0.01969	0.03847	0.00107	0.18326	0.18687	0.55792	0.67793	0.87089	1.10897	0.78842		1
410	0.00084	-0.00041	0.03707	0.04351	0.00121	0.2074	0.19024	0.56513	0.68554	0.87928	1.11894	0.806		1
411	0.00084	-0.00041	0.03707	0.049	0.00136	0.23369	0.19364	0.56865	0.68856	0.88115	1.11984	0.82386		1
412	0.00084	-0.00041	0.03707	0.05502	0.00153	0.26261	0.19708	0.57217	0.69158	0.88302	1.12075	0.84172		1
413	0.00084	-0.00041	0.03707	0.06172	0.00172	0.29477	0.20055	0.57569	0.69461	0.88489	1.12165	0.85958		1
414	0.00084	-0.00041	0.03707	0.06921	0.00194	0.3308	0.20407	0.57921	0.69763	0.88676	1.12256	0.87744		1
415	0.00139	-0.0007	0.06637	0.07763	0.00218	0.3713	0.20762	0.58273	0.70065	0.88863	1.12346	0.8953		1
416	0.00139	-0.0007	0.06637	0.08696	0.00245	0.41621	0.21121	0.58625	0.70367	0.89051	1.12436	0.91244		1
417	0.00139	-0.0007	0.06637	0.09718	0.00276	0.46546	0.21485	0.58977	0.7067	0.89238	1.12527	0.92958		1
418	0.00139	-0.0007	0.06637	0.10841	0.00312	0.51969	0.21851	0.5933	0.70972	0.89424	1.12617	0.94672		1
419	0.00139	-0.0007	0.06637	0.12077	0.00353	0.57953	0.22222	0.59682	0.71275	0.89612	1.12708	0.96386		1
420	0.00211	-0.0011	0.11541	0.13438	0.004	0.6456	0.22597	0.60034	0.71577	0.89799	1.12798	0.981		1
421	0.00211	-0.0011	0.11541	0.14936	0.00455	0.71848	0.22975	0.59812	0.71211	0.8915	1.11827	0.9964		1
422	0.00211	-0.0011	0.11541	0.1654	0.00516	0.79671	0.23357	0.59591	0.70845	0.88501	1.10857	1.0118		1
423	0.00211	-0.0011	0.11541	0.18198	0.00583	0.87785	0.23743	0.59369	0.70478	0.87852	1.09886	1.0272		1
424	0.00211	-0.0011	0.11541	0.19861	0.00655	0.95944	0.24133	0.59148	0.70112	0.87204	1.08916	1.0426		1
425	0.00266	-0.00143	0.18575	0.21477	0.0073	1.03905	0.24527	0.58926	0.69746	0.86555	1.07945	1.058		1
426	0.00266	-0.00143	0.18575	0.23019	0.00809	1.11537	0.24924	0.58704	0.6938	0.85906	1.06974	1.0712		1
427	0.00266	-0.00143	0.18575	0.24488	0.00891	1.1885	0.25326	0.58483	0.69013	0.85258	1.06004	1.0844		1
428	0.00266	-0.00143	0.18575	0.25878	0.00977	1.25812	0.25731	0.58261	0.68647	0.84609	1.05033	1.0976		1
429	0.00266	-0.00143	0.18575	0.27181	0.01066	1.32393	0.2614	0.5804	0.6828	0.8396	1.04063	1.1108		1
430	0.00218	-0.00119	0.24769	0.2839	0.0116	1.3856	0.26553	0.57818	0.67914	0.83312	1.03092	1.124		1
431	0.00218	-0.00119	0.24769	0.29494	0.01257	1.44264	0.2697	0.59519	0.69683	0.85059	1.04903	1.1347		1
432	0.00218	-0.00119	0.24769	0.3049	0.01358	1.4948	0.2739	0.61219	0.71452	0.86807	1.06713	1.1454		1
433	0.00218	-0.00119	0.24769	0.31379	0.01463	1.54219	0.27815	0.6292	0.73222	0.88554	1.08524	1.1561		1
434	0.00218	-0.00119	0.24769	0.32165	0.01572	1.58488	0.28243	0.6462	0.74991	0.90302	1.10334	1.1668		1
435	0.00036	-0.00021	0.29012	0.3285	0.01684	1.62296	0.28675	0.66321	0.7676	0.92049	1.12145	1.1775		1
436	0.00036	-0.00021	0.29012	0.33435	0.01801	1.6564	0.29111	0.68022	0.78529	0.93797	1.13956	1.185		1
437	0.00036	-0.00021	0.29012	0.33921	0.01921	1.6853	0.29551	0.69723	0.80298	0.95544	1.15766	1.1925		1
438	0.00036	-0.00021	0.29012	0.34312	0.02045	1.70987	0.29994	0.71423	0.82067	0.97292	1.17577	1.2		1
439	0.00036	-0.00021	0.29012	0.34613	0.02172	1.73038	0.30441	0.73124	0.83836	0.9904	1.19387	1.2075		1
440	-0.00261	0.00149	0.31228	0.34828	0.023	1.74706	0.30892	0.74825	0.85605	1.00787	1.21198	1.215		1
441	-0.00261	0.00149	0.31228	0.3496	0.02429	1.76004	0.31347	0.76067	0.86844	1.01954	1.22379	1.2189		1
442	-0.00261	0.00149	0.31228	0.35015	0.02561	1.76962	0.31806	0.77309	0.88083	1.03122	1.2356	1.2228		1
443	-0.00261	0.00149	0.31228	0.35001	0.02696	1.77626	0.32268	0.78552	0.89321	1.04288	1.24742	1.2267		1
444	-0.00261	0.00149	0.31228	0.34929	0.02835	1.78043	0.32734	0.79794	0.9056	1.05455	1.25923	1.2306		1
445	-0.00673	0.00379	0.3186	0.34806	0.0298	1.7826	0.33204	0.81036	0.91799	1.06622	1.27104	1.2345		1
446	-0.00673	0.00379	0.3186	0.34637	0.03131	1.78297	0.33678	0.82278	0.93038	1.0779	1.28285	1.2356		1
447	-0.00673	0.00379	0.3186	0.34426	0.03288	1.7817	0.34155	0.8352	0.94277	1.08957	1.29466	1.2367		1
448	-0.00673	0.00379	0.3186	0.34181	0.03452	1.7792	0.34637	0.84763	0.95515	1.10123	1.30648	1.2378		1
449	-0.00673	0.00379	0.3186	0.33909	0.03623	1.77587	0.35121	0.86005	0.96754	1.11291	1.31829	1.2389		1
450	-0.01213	0.00678	0.3167	0.3362	0.038	1.77211	0.3561	0.87247	0.97993	1.12458	1.3301	1.24		1
451	-0.01213	0.00678	0.3167	0.3332	0.03985	1.76826	0.36102	0.87584	0.9824	1.12535	1.32944	1.2392		1
452	-0.01213	0.00678	0.3167	0.33004	0.04177	1.76404	0.36598	0.8792	0.98487	1.12613	1.32879	1.2384		1
453	-0.01213	0.00678	0.3167	0.32664	0.04377	1.75894	0.37098	0.88257	0.98734	1.1269	1.32813	1.2376		1
454	-0.01213	0.00678	0.3167	0.32289	0.04584	1.75247	0.37601	0.88593	0.98981	1.12767	1.32748	1.2368		1
455	-0.01874	0.01046	0.31166	0.3187	0.048	1.7441	0.38108	0.8893	0.99228	1.12844	1.32682	1.236		1
456	-0.01874	0.01046	0.31166	0.31403	0.05024	1.73356	0.38618	0.89266	0.99475	1.12921	1.32617	1.235		1
457	-0.01874	0.01046	0.31166	0.30888	0.05257	1.72086	0.39133	0.89603	0.99722	1.12999	1.32551	1.234		1
458	-0.01874	0.01046	0.31166	0.30329	0.05498	1.70594	0.3965	0.89939	0.99969	1.13076	1.32486	1.233		1
459	-0.01874	0.01046	0.31166	0.29726	0.05746	1.68874	0.40172	0.90276	1.00216	1.13154	1.3242	1.232		1
460	-0.02608	0.01485	0.29821	0.2908	0.06	1.6692	0.40697	0.90612	1.00463	1.13231	1.32355	1.231		1
461	-0.02608	0.01485	0.29821	0.28397	0.0626	1.64753	0.41225	0.90688	1.00408	1.12947	1.31852	1.2314		1
462	-0.02608	0.01485	0.29821	0.27672	0.06528	1.62341	0.41757	0.90763	1.00353	1.12664	1.31348	1.2318		1
463	-0.02608	0.01485	0.29821	0.26892	0.06804	1.59602	0.42293	0.90839	1.00298	1.1238	1.30845	1.2322		1
464	-0.02608	0.01485	0.29821	0.26042	0.07091	1.56453	0.42832	0.90914	1.00243	1.12097	1.30341	1.2326		1
465	-0.03324	0.01977	0.27295	0.2511	0.0739	1.5281	0.43375	0.9099	1.00188	1.11812	1.29838	1.233		1
466	-0.03324	0.01977	0.27295	0.24085	0.07702	1.48611	0.43921	0.91066	1.00133	1.11529	1.29335	1.234		1
467	-0.03324	0.01977	0.27295	0.22985	0.08027	1.43952	0.4447	0.91141	1.00078	1.11245	1.28832	1.235		1
468	-0.03324	0.01977	0.27295	0.21841	0.08367	1.38988	0.45023	0.91217	1.00023	1.10961	1.28328	1.236		1
469	-0.03324	0.01977	0.27295	0.20681	0.08723	1.33874	0.4558	0.91292	0.99968	1.10678	1.27825	1.237		1
470	-0.03933	0.02538	0.22991	0.19536	0.09098	1.28764	0.4614	0.91368	0.99913	1.10394	1.27322	1.238		1
471	-0.03933	0.02538	0.22991	0.18421	0.09492	1.23742	0.46703	0.91742	1.00196	1.10496	1.2727	1.23858		1
472	-0.03933	0.02538	0.22991	0.17333	0.09905	1.18782	0.4727	0.92116	1.00478	1.10598	1.27218	1.23916		1
473	-0.03933	0.02538	0.22991	0.16269	0.10337	1.13876	0.4784	0.9249	1.00761	1.10701	1.27165	1.23974		1
474	-0.03933	0.02538	0.22991	0.15228	0.10788	1.09015	0.48413	0.92864	1.01043	1.10803	1.27113	1.24032		1
475	-0.04471	0.03183	0.18592	0.1421	0.1126	1.0419	0.4899	0.93238	1.01326	1.10905	1.27061	1.2409		1
476	-0.04471	0.03183	0.18592	0.13218	0.11753	0.9942	0.4957	0.93612	1.01609	1.11007	1.27009	1.24052		1
477	-0.04471	0.03183	0.18592	0.12257	0.12267	0.94735	0.50153	0.93986	1.01891	1.11109	1.26957	1.24014		1
478	-0.04471	0.03183	0.18592	0.11328	0.12799	0.90145	0.5074	0.94361	1.02174	1.11211	1.26904	1.23976		1
479	-0.04471	0.03183	0.18592	0.1043	0.13345	0.85662	0.5133	0.94735	1.02456	1.11313	1.26852	1.23938		1
480	-0.04939	0.03914	0.14494	0.09564	0.13902	0.81295	0.51923	0.95109	1.02739	1.11415	1.268	1.239		1
481	-0.04939	0.03914	0.14494	0.0873	0.14468	0.77052	0.52519	0.94794	1.02273	1.10732	1.25898	1.23704		1
482	-0.04939	0.03914	0.14494	0.07931	0.15047	0.72944	0.53118	0.9448	1.01807	1.10048	1.24996	1.23508		1
483	-0.04939	0.03914	0.14494	0.07172	0.15646	0.68991	0.53721	0.94165	1.01341	1.09364	1.24095	1.23312		1
484	-0.04939	0.03914	0.14494	0.06458	0.16272	0.6521	0.54327	0.93851	1.00875	1.08681	1.23193	1.23116		1
485	-0.05364	0.04713	0.10968	0.05795	0.1693	0.6162	0.54936	0.93536	1.00409	1.07997	1.22291	1.2292		1
486	-0.05364	0.04713	0.10968	0.05186	0.17624	0.58233	0.55548	0.93221	0.99943	1.07314	1.21389	1.22476		1
487	-0.05364	0.04713	0.10968	0.04628	0.18356	0.55042	0.56163	0.92907	0.99477	1.06631	1.20488	1.22032		1
488	-0.05364	0.04713	0.10968	0.04115	0.19127	0.52034	0.56781	0.92592	0.9901	1.05946	1.19586	1.21588		1
489	-0.05364	0.04713	0.10968	0.03641	0.19942	0.49197	0.57402	0.92278	0.98544	1.05263	1.18685	1.21144		1
490	-0.05814	0.05689	0.08257	0.03201	0.20802	0.46518	0.58026	0.91963	0.98078	1.0458	1.17783	1.207		1
491	-0.05814	0.05689	0.08257	0.02792	0.21712	0.43992	0.58653	0.92339	0.98338	1.04632	1.17664	1.1994		1
492	-0.05814	0.05689	0.08257	0.02414	0.22673	0.41618	0.59283	0.92715	0.98598	1.04684	1.17544	1.1918		1
493	-0.05814	0.05689	0.08257	0.02069	0.23686	0.39388	0.59916	0.93091	0.98859	1.04736	1.17425	1.1842		1
494	-0.05814	0.05689	0.08257	0.01754	0.24748	0.37295	0.60552	0.93467	0.99119	1.04788	1.17305	1.1766		1
495	-0.06414	0.06948	0.06246	0.0147	0.2586	0.3533	0.61191	0.93843	0.99379	1.0484	1.17186	1.169		1
496	-0.06414	0.06948	0.06246	0.01216	0.27018	0.33486	0.61833	0.94219	0.99639	1.04893	1.17067	1.1594		1
497	-0.06414	0.06948	0.06246	0.00992	0.28229	0.31755	0.62477	0.94595	0.99899	1.04945	1.16947	1.1498		1
498	-0.06414	0.06948	0.06246	0.00797	0.29505	0.30134	0.63125	0.94972	1.0016	1.04997	1.16828	1.1402		1
499	-0.06414	0.06948	0.06246	0.0063	0.30858	0.28617	0.63775	0.95348	1.0042	1.0505	1.16708	1.1306		1
500	-0.07173	0.08536	0.04776	0.0049	0.323	0.272	0.64428	0.95724	1.0068	1.05102	1.16589	1.121		1
501	-0.07173	0.08536	0.04776	0.00378	0.3384	0.25882	0.65083	0.95813	1.00682	1.04953	1.163	1.11076		1
502	-0.07173	0.08536	0.04776	0.00295	0.35469	0.24648	0.65742	0.95902	1.00683	1.04804	1.16012	1.10052		1
503	-0.07173	0.08536	0.04776	0.00242	0.3717	0.23477	0.66403	0.95991	1.00685	1.04654	1.15723	1.09028		1
504	-0.07173	0.08536	0.04776	0.00224	0.38929	0.22345	0.67066	0.9608	1.00686	1.04505	1.15435	1.08004		1
505	-0.0812	0.10593	0.03688	0.0024	0.4073	0.2123	0.67733	0.96169	1.00688	1.04356	1.15146	1.0698		1
506	-0.0812	0.10593	0.03688	0.00293	0.42563	0.20117	0.68402	0.96258	1.00689	1.04207	1.14857	1.06044		1
507	-0.0812	0.10593	0.03688	0.00384	0.44431	0.19012	0.69073	0.96347	1.00691	1.04058	1.14568	1.05108		1
508	-0.0812	0.10593	0.03688	0.00517	0.46339	0.17923	0.69748	0.96435	1.00692	1.03908	1.1428	1.04172		1
509	-0.0812	0.10593	0.03688	0.00698	0.48294	0.16856	0.70424	0.96524	1.00694	1.03759	1.13991	1.03236		1
510	-0.08901	0.1286	0.02698	0.0093	0.503	0.1582	0.71103	0.96613	1.00695	1.0361	1.13702	1.023		1
511	-0.08901	0.1286	0.02698	0.01215	0.52357	0.14814	0.71785	0.96665	1.00624	1.03321	1.13198	1.01602		1
512	-0.08901	0.1286	0.02698	0.01554	0.54451	0.13838	0.72469	0.96716	1.00553	1.03031	1.12694	1.00904		1
513	-0.08901	0.1286	0.02698	0.01948	0.56569	0.12899	0.73155	0.96768	1.00483	1.02741	1.12189	1.00206		1
514	-0.08901	0.1286	0.02698	0.02399	0.58697	0.12008	0.73844	0.96819	1.00412	1.02452	1.11685	0.99508		1
515	-0.09356	0.15262	0.01842	0.0291	0.6082	0.1117	0.74536	0.96871	1.00341	1.02163	1.11181	0.9881		1
516	-0.09356	0.15262	0.01842	0.03481	0.62935	0.1039	0.75229	0.96923	1.0027	1.01873	1.10677	0.98428		1
517	-0.09356	0.15262	0.01842	0.04112	0.65031	0.09667	0.75925	0.96974	1.00199	1.01584	1.10172	0.98046		1
518	-0.09356	0.15262	0.01842	0.04799	0.67088	0.08998	0.76623	0.97026	1.00129	1.01294	1.09668	0.97664		1
519	-0.09356	0.15262	0.01842	0.05538	0.69084	0.08385	0.77324	0.97077	1.00058	1.01004	1.09163	0.97282		1
520	-0.09264	0.17468	0.01221	0.06327	0.71	0.07825	0.78026	0.97129	0.99987	1.00715	1.08659	0.969		1
521	-0.09264	0.17468	0.01221	0.07164	0.72819	0.07321	0.78731	0.97626	1.00409	1.00994	1.08838	0.96876		1
522	-0.09264	0.17468	0.01221	0.08046	0.74546	0.06868	0.79438	0.98123	1.00831	1.01273	1.09016	0.96852		1
523	-0.09264	0.17468	0.01221	0.08974	0.76197	0.06457	0.80147	0.9862	1.01254	1.01551	1.09195	0.96828		1
524	-0.09264	0.17468	0.01221	0.09946	0.77784	0.06079	0.80859	0.99117	1.01676	1.0183	1.09373	0.96804		1
525	-0.08473	0.19113	0.0083	0.1096	0.7932	0.05725	0.81572	0.99614	1.02098	1.02108	1.09552	0.9678		1
526	-0.08473	0.19113	0.0083	0.12017	0.80811	0.0539	0.82288	1.00111	1.0252	1.02386	1.09731	0.97024		1
527	-0.08473	0.19113	0.0083	0.13111	0.8225	0.05075	0.83005	1.00608	1.02943	1.02665	1.09909	0.97268		1
528	-0.08473	0.19113	0.0083	0.14237	0.83631	0.04775	0.83725	1.01105	1.03365	1.02944	1.10088	0.97512		1
529	-0.08473	0.19113	0.0083	0.15385	0.84949	0.0449	0.84446	1.01602	1.03788	1.03223	1.10266	0.97756		1
530	-0.07101	0.20317	0.00549	0.1655	0.862	0.04216	0.85169	1.02099	1.0421	1.03501	1.10445	0.98		1
531	-0.07101	0.20317	0.00549	0.17726	0.87381	0.03951	0.85895	1.01965	1.03999	1.03186	1.10029	0.98388		1
532	-0.07101	0.20317	0.00549	0.18914	0.88496	0.03694	0.86622	1.0183	1.03788	1.0287	1.09614	0.98776		1
533	-0.07101	0.20317	0.00549	0.20117	0.89549	0.03446	0.87351	1.01696	1.03578	1.02555	1.09198	0.99164		1
534	-0.07101	0.20317	0.00549	0.21337	0.90544	0.03209	0.88082	1.01561	1.03367	1.02238	1.08783	0.99552		1
535	-0.05316	0.21083	0.0032	0.22575	0.91485	0.02984	0.88814	1.01427	1.03156	1.01923	1.08367	0.9994		1
536	-0.05316	0.21083	0.0032	0.23832	0.92373	0.02771	0.89549	1.01293	1.02945	1.01608	1.07951	1.00372		1
537	-0.05316	0.21083	0.0032	0.25107	0.93209	0.02569	0.90285	1.01158	1.02734	1.01292	1.07536	1.00804		1
538	-0.05316	0.21083	0.0032	0.26399	0.93992	0.02379	0.91023	1.01024	1.02524	1.00976	1.0712	1.01236		1
539	-0.05316	0.21083	0.0032	0.2771	0.94723	0.02199	0.91763	1.00889	1.02313	1.0066	1.06705	1.01668		1
540	-0.03152	0.21466	0.00146	0.2904	0.954	0.0203	0.92504	1.00755	1.02102	1.00345	1.06289	1.021		1
541	-0.03152	0.21466	0.00146	0.30389	0.96026	0.01872	0.93247	1.00911	1.02189	1.0031	1.0615	1.0247		1
542	-0.03152	0.21466	0.00146	0.31757	0.96601	0.01724	0.93991	1.01067	1.02275	1.00276	1.06012	1.0284		1
543	-0.03152	0.21466	0.00146	0.33144	0.97126	0.01586	0.94737	1.01224	1.02362	1.00241	1.05873	1.0321		1
544	-0.03152	0.21466	0.00146	0.34548	0.97602	0.01458	0.95484	1.0138	1.02448	1.00207	1.05735	1.0358		1
545	-0.00613	0.21487	0.00023	0.3597	0.9803	0.0134	0.96233	1.01536	1.02535	1.00172	1.05596	1.0395		1
546	-0.00613	0.21487	0.00023	0.37408	0.98409	0.01231	0.96984	1.01692	1.02622	1.00138	1.05458	1.042		1
547	-0.00613	0.21487	0.00023	0.38864	0.98742	0.0113	0.97736	1.01848	1.02708	1.00104	1.05319	1.0445		1
548	-0.00613	0.21487	0.00023	0.40338	0.99031	0.01038	0.98489	1.02005	1.02795	1.00069	1.05181	1.047		1
549	-0.00613	0.21487	0.00023	0.41831	0.99281	0.00953	0.99244	1.02161	1.02881	1.00035	1.05042	1.0495		1
550	0.02279	0.21178	-0.00058	0.43345	0.99495	0.00875	1	1.02317	1.02968	1	1.04904	1.052		1
551	0.02279	0.21178	-0.00058	0.4488	0.99671	0.00804	1.00757	1.02085	1.02671	0.99611	1.04414	1.05294		1
552	0.02279	0.21178	-0.00058	0.46434	0.9981	0.00738	1.01516	1.01854	1.02374	0.99222	1.03923	1.05388		1
553	0.02279	0.21178	-0.00058	0.48006	0.99911	0.00679	1.02276	1.01622	1.02078	0.98833	1.03433	1.05482		1
554	0.02279	0.21178	-0.00058	0.49597	0.99975	0.00624	1.03037	1.01391	1.01781	0.98445	1.02942	1.05576		1
555	0.05514	0.20588	-0.00105	0.51205	1	0.00575	1.038	1.01159	1.01484	0.98056	1.02452	1.0567		1
556	0.05514	0.20588	-0.00105	0.5283	0.99986	0.0053	1.04563	1.00927	1.01187	0.97666	1.01962	1.05596		1
557	0.05514	0.20588	-0.00105	0.54469	0.9993	0.0049	1.05328	1.00695	1.0089	0.97278	1.01471	1.05522		1
558	0.05514	0.20588	-0.00105	0.56121	0.99833	0.00453	1.06094	1.00464	1.00594	0.96889	1.00981	1.05448		1
559	0.05514	0.20588	-0.00105	0.57782	0.9969	0.0042	1.06861	1.00232	1.00297	0.96501	1.0049	1.05374		1
560	0.0906	0.19702	-0.0013	0.5945	0.995	0.0039	1.07629	1	1	0.96111	1	1.053		1
561	0.0906	0.19702	-0.0013	0.61122	0.9926	0.00362	1.08398	0.99774	0.99722	0.95759	0.99562	1.05062		1
562	0.0906	0.19702	-0.0013	0.62798	0.98974	0.00337	1.09168	0.99547	0.99443	0.95407	0.99123	1.04824		1
563	0.0906	0.19702	-0.0013	0.64476	0.98644	0.00314	1.09938	0.99321	0.99165	0.95054	0.98685	1.04586		1
564	0.0906	0.19702	-0.0013	0.66157	0.98272	0.00293	1.10711	0.99094	0.98886	0.94702	0.98246	1.04348		1
565	0.1284	0.18522	-0.00138	0.6784	0.9786	0.00275	1.11484	0.98868	0.98608	0.9435	0.97808	1.0411		1
566	0.1284	0.18522	-0.00138	0.69524	0.97408	0.00259	1.12258	0.98641	0.9833	0.93997	0.9737	1.03748		1
567	0.1284	0.18522	-0.00138	0.71206	0.96917	0.00244	1.13032	0.98415	0.98051	0.93645	0.96931	1.03386		1
568	0.1284	0.18522	-0.00138	0.72883	0.96386	0.00231	1.13808	0.98188	0.97773	0.93293	0.96493	1.03024		1
569	0.1284	0.18522	-0.00138	0.74552	0.95813	0.0022	1.14584	0.97962	0.97494	0.9294	0.96054	1.02662		1
570	0.16768	0.17087	-0.00135	0.7621	0.952	0.0021	1.15361	0.97735	0.97216	0.92588	0.95616	1.023		1
571	0.16768	0.17087	-0.00135	0.77854	0.94545	0.00202	1.16138	0.97853	0.97269	0.92536	0.95476	1.0187		1
572	0.16768	0.17087	-0.00135	0.79483	0.9385	0.00195	1.16917	0.97972	0.97322	0.92483	0.95335	1.0144		1
573	0.16768	0.17087	-0.00135	0.81093	0.93116	0.00189	1.17696	0.9809	0.97376	0.92431	0.95195	1.0101		1
574	0.16768	0.17087	-0.00135	0.82682	0.92346	0.00184	1.18476	0.98209	0.97429	0.92378	0.95054	1.0058		1
575	0.20715	0.15429	-0.00123	0.8425	0.9154	0.0018	1.19256	0.98327	0.97482	0.92326	0.94914	1.0015		1
576	0.20715	0.15429	-0.00123	0.85793	0.90701	0.00177	1.20037	0.98445	0.97535	0.92273	0.94774	0.9968		1
577	0.20715	0.15429	-0.00123	0.87308	0.89828	0.00174	1.20819	0.98563	0.97589	0.92221	0.94634	0.9921		1
578	0.20715	0.15429	-0.00123	0.88789	0.8892	0.00171	1.21601	0.98682	0.97642	0.92168	0.94493	0.9874		1
579	0.20715	0.15429	-0.00123	0.90232	0.87978	0.00168	1.22384	0.988	0.97696	0.92116	0.94353	0.9827		1
580	0.24526	0.1361	-0.00108	0.9163	0.87	0.00165	1.23166	0.98918	0.97749	0.92063	0.94213	0.978		1
581	0.24526	0.1361	-0.00108	0.9298	0.85986	0.00161	1.2395	0.98376	0.97117	0.91381	0.93491	0.97326		1
582	0.24526	0.1361	-0.00108	0.9428	0.84939	0.00156	1.24734	0.97834	0.96485	0.90698	0.9277	0.96852		1
583	0.24526	0.1361	-0.00108	0.95528	0.83862	0.00151	1.25519	0.97292	0.95854	0.90015	0.92048	0.96378		1
584	0.24526	0.1361	-0.00108	0.96722	0.82758	0.00146	1.26303	0.9675	0.95222	0.89333	0.91327	0.95904		1
585	0.27989	0.11686	-0.00093	0.9786	0.8163	0.0014	1.27088	0.96208	0.9459	0.8865	0.90605	0.9543		1
586	0.27989	0.11686	-0.00093	0.98939	0.80479	0.00134	1.27874	0.95666	0.93958	0.87967	0.89883	0.94984		1
587	0.27989	0.11686	-0.00093	0.99955	0.79308	0.00127	1.28659	0.95124	0.93327	0.87285	0.89162	0.94538		1
588	0.27989	0.11686	-0.00093	1.00909	0.78119	0.0012	1.29445	0.94583	0.92695	0.86602	0.8844	0.94092		1
589	0.27989	0.11686	-0.00093	1.01801	0.76915	0.00115	1.30232	0.94041	0.92064	0.85919	0.87719	0.93646		1
590	0.30928	0.09754	-0.00079	1.0263	0.757	0.0011	1.31018	0.93499	0.91432	0.85237	0.86997	0.932		1
591	0.30928	0.09754	-0.00079	1.03398	0.74475	0.00107	1.31804	0.93918	0.91731	0.85364	0.8702	0.92804		1
592	0.30928	0.09754	-0.00079	1.04099	0.73242	0.00105	1.32591	0.94337	0.9203	0.85491	0.87043	0.92408		1
593	0.30928	0.09754	-0.00079	1.04719	0.72	0.00104	1.33378	0.94755	0.92328	0.85618	0.87066	0.92012		1
594	0.30928	0.09754	-0.00079	1.05247	0.7075	0.00102	1.34165	0.95174	0.92627	0.85745	0.87089	0.91616		1
595	0.33184	0.07909	-0.00063	1.0567	0.6949	0.001	1.34951	0.95593	0.92926	0.85872	0.87112	0.9122		1
596	0.33184	0.07909	-0.00063	1.05979	0.68222	0.00097	1.35739	0.96012	0.93225	0.85999	0.87135	0.90916		1
597	0.33184	0.07909	-0.00063	1.0618	0.66947	0.00093	1.36526	0.96431	0.93523	0.86125	0.87158	0.90612		1
598	0.33184	0.07909	-0.00063	1.06281	0.65667	0.00089	1.37313	0.9685	0.93822	0.86252	0.87181	0.90308		1
599	0.33184	0.07909	-0.00063	1.06291	0.64384	0.00084	1.38101	0.97269	0.9412	0.86379	0.87204	0.90004		1
600	0.34429	0.06246	-0.00049	1.0622	0.631	0.0008	1.38887	0.97688	0.94419	0.86506	0.87227	0.897		1
601	0.34429	0.06246	-0.00049	1.06074	0.61816	0.00076	1.39674	0.97846	0.94491	0.86467	0.87118	0.89526		1
602	0.34429	0.06246	-0.00049	1.05844	0.60531	0.00072	1.40461	0.98004	0.94563	0.86428	0.8701	0.89352		1
603	0.34429	0.06246	-0.00049	1.05522	0.59248	0.00069	1.41248	0.98162	0.94636	0.86389	0.86901	0.89178		1
604	0.34429	0.06246	-0.00049	1.05098	0.57964	0.00065	1.42033	0.9832	0.94708	0.8635	0.86793	0.89004		1
605	0.34756	0.04776	-0.00038	1.0456	0.5668	0.0006	1.4282	0.98478	0.9478	0.8631	0.86684	0.8883		1
606	0.34756	0.04776	-0.00038	1.03904	0.55396	0.00055	1.43606	0.98636	0.94852	0.86271	0.86575	0.88744		1
607	0.34756	0.04776	-0.00038	1.03136	0.54114	0.00049	1.44391	0.98794	0.94924	0.86232	0.86466	0.88658		1
608	0.34756	0.04776	-0.00038	1.02267	0.52835	0.00044	1.45177	0.98953	0.94996	0.86193	0.86358	0.88572		1
609	0.34756	0.04776	-0.00038	1.01305	0.51563	0.00038	1.45963	0.99111	0.95068	0.86154	0.86249	0.88486		1
610	0.33971	0.03557	-0.0003	1.0026	0.503	0.00034	1.46747	0.99269	0.9514	0.86115	0.8614	0.884		1
611	0.33971	0.03557	-0.0003	0.99137	0.49047	0.00031	1.47532	0.99246	0.95048	0.85932	0.85884	0.88358		1
612	0.33971	0.03557	-0.0003	0.97933	0.47803	0.00028	1.48317	0.99223	0.94956	0.8575	0.85628	0.88316		1
613	0.33971	0.03557	-0.0003	0.96649	0.46568	0.00027	1.491	0.99201	0.94864	0.85567	0.85373	0.88274		1
614	0.33971	0.03557	-0.0003	0.95285	0.4534	0.00025	1.49884	0.99178	0.94772	0.85384	0.85117	0.88232		1
615	0.32265	0.02583	-0.00022	0.9384	0.4412	0.00024	1.50667	0.99155	0.9468	0.85202	0.84861	0.8819		1
616	0.32265	0.02583	-0.00022	0.92319	0.42908	0.00023	1.5145	0.99132	0.94588	0.85019	0.84605	0.88172		1
617	0.32265	0.02583	-0.00022	0.90724	0.41704	0.00022	1.52231	0.9911	0.94496	0.84836	0.84349	0.88154		1
618	0.32265	0.02583	-0.00022	0.8905	0.40503	0.00021	1.53013	0.99087	0.94404	0.84654	0.84093	0.88136		1
619	0.32265	0.02583	-0.00022	0.87292	0.39303	0.0002	1.53794	0.99065	0.94312	0.84471	0.83837	0.88118		1
620	0.29708	0.01828	-0.00015	0.85445	0.381	0.00019	1.54574	0.99042	0.9422	0.84288	0.83581	0.881		1
621	0.29708	0.01828	-0.00015	0.83508	0.36892	0.00017	1.55355	0.9871	0.93843	0.83865	0.83098	0.88092		1
622	0.29708	0.01828	-0.00015	0.81495	0.35683	0.00016	1.56134	0.98378	0.93466	0.83441	0.82614	0.88084		1
623	0.29708	0.01828	-0.00015	0.79419	0.34478	0.00014	1.56912	0.98046	0.93088	0.83017	0.82131	0.88076		1
624	0.29708	0.01828	-0.00015	0.77295	0.33282	0.00012	1.5769	0.97714	0.92711	0.82593	0.81647	0.88068		1
625	0.26348	0.01253	-0.00011	0.7514	0.321	0.0001	1.58467	0.97382	0.92334	0.82169	0.81164	0.8806		1
626	0.26348	0.01253	-0.00011	0.72958	0.30934	9e-05	1.59244	0.9705	0.91957	0.81745	0.80681	0.88048		1
627	0.26348	0.01253	-0.00011	0.70759	0.29785	7e-05	1.6002	0.96718	0.9158	0.81321	0.80197	0.88036		1
628	0.26348	0.01253	-0.00011	0.6856	0.28659	7e-05	1.60795	0.96386	0.91202	0.80897	0.79714	0.88024		1
629	0.26348	0.01253	-0.00011	0.66381	0.27562	6e-05	1.61569	0.96054	0.90825	0.80474	0.7923	0.88012		1
630	0.22677	0.00833	-8e-05	0.6424	0.265	5e-05	1.62343	0.95722	0.90448	0.8005	0.78747	0.88		1
631	0.22677	0.00833	-8e-05	0.62151	0.25476	4e-05	1.63116	0.96036	0.90636	0.80089	0.78715	0.87972		1
632	0.22677	0.00833	-8e-05	0.60111	0.24489	4e-05	1.63887	0.96349	0.90824	0.80129	0.78683	0.87944		1
633	0.22677	0.00833	-8e-05	0.58111	0.23533	4e-05	1.64659	0.96663	0.91013	0.80168	0.78651	0.87916		1
634	0.22677	0.00833	-8e-05	0.5614	0.22605	3e-05	1.6543	0.96976	0.91201	0.80208	0.78619	0.87888		1
635	0.19233	0.00537	-5e-05	0.5419	0.217	3e-05	1.66198	0.9729	0.91389	0.80247	0.78587	0.8786		1
636	0.19233	0.00537	-5e-05	0.5226	0.20816	3e-05	1.66967	0.97603	0.91577	0.80287	0.78555	0.87848		1
637	0.19233	0.00537	-5e-05	0.50355	0.19955	3e-05	1.67734	0.97917	0.91765	0.80326	0.78523	0.87836		1
638	0.19233	0.00537	-5e-05	0.48474	0.19116	2e-05	1.68501	0.9823	0.91954	0.80366	0.78492	0.87824		1
639	0.19233	0.00537	-5e-05	0.46619	0.18297	2e-05	1.69267	0.98544	0.92142	0.80405	0.7846	0.87812		1
640	0.15968	0.00334	-3e-05	0.4479	0.175	2e-05	1.70031	0.98857	0.9233	0.80444	0.78428	0.878		1
641	0.15968	0.00334	-3e-05	0.42986	0.16722	2e-05	1.70795	0.98538	0.91982	0.80091	0.78065	0.87838		1
642	0.15968	0.00334	-3e-05	0.4121	0.15965	2e-05	1.71557	0.98219	0.91635	0.79738	0.77702	0.87876		1
643	0.15968	0.00334	-3e-05	0.39464	0.15228	1e-05	1.72318	0.979	0.91287	0.79386	0.7734	0.87914		1
644	0.15968	0.00334	-3e-05	0.37753	0.14513	1e-05	1.73079	0.97581	0.9094	0.79033	0.76977	0.87952		1
645	0.12905	0.00199	-2e-05	0.3608	0.1382	1e-05	1.73838	0.97262	0.90592	0.7868	0.76614	0.8799		1
646	0.12905	0.00199	-2e-05	0.34446	0.1315	1e-05	1.74596	0.96943	0.90244	0.78327	0.76251	0.88032		1
647	0.12905	0.00199	-2e-05	0.32852	0.12502	1e-05	1.75353	0.96624	0.89897	0.77974	0.75889	0.88074		1
648	0.12905	0.00199	-2e-05	0.31302	0.11878	0	1.76109	0.96305	0.89549	0.77621	0.75526	0.88116		1
649	0.12905	0.00199	-2e-05	0.298	0.11277	0	1.76863	0.95986	0.89202	0.77268	0.75164	0.88158		1
650	0.10167	0.00116	-1e-05	0.2835	0.107	0	1.77618	0.95667	0.88854	0.76915	0.74801	0.882		1
651	0.10167	0.00116	-1e-05	0.26954	0.10148	0	1.78369	0.95919	0.89	0.76933	0.74753	0.882		1
652	0.10167	0.00116	-1e-05	0.25612	0.09619	0	1.7912	0.96172	0.89147	0.76951	0.74705	0.882		1
653	0.10167	0.00116	-1e-05	0.24319	0.09112	0	1.7987	0.96424	0.89293	0.76969	0.74658	0.882		1
654	0.10167	0.00116	-1e-05	0.23073	0.08626	0	1.80618	0.96677	0.8944	0.76987	0.7461	0.882		1
655	0.07857	0.00066	-1e-05	0.2187	0.0816	0	1.81365	0.96929	0.89586	0.77005	0.74562	0.882		1
656	0.07857	0.00066	-1e-05	0.2071	0.07712	0	1.82111	0.97181	0.89732	0.77023	0.74514	0.8814		1
657	0.07857	0.00066	-1e-05	0.19592	0.07283	0	1.82856	0.97433	0.89878	0.77041	0.74467	0.8808		1
658	0.07857	0.00066	-1e-05	0.18517	0.06871	0	1.836	0.97686	0.90025	0.77059	0.74419	0.8802		1
659	0.07857	0.00066	-1e-05	0.17483	0.06477	0	1.84341	0.97938	0.90171	0.77077	0.74372	0.8796		1
660	0.05932	0.00037	0	0.1649	0.061	0	1.85082	0.9819	0.90317	0.77095	0.74324	0.879		1
661	0.05932	0.00037	0	0.15537	0.0574	0	1.85821	0.98671	0.9068	0.77294	0.74434	0.87764		1
662	0.05932	0.00037	0	0.14623	0.05396	0	1.86558	0.99153	0.91043	0.77492	0.74544	0.87628		1
663	0.05932	0.00037	0	0.13749	0.05067	0	1.87294	0.99634	0.91407	0.7769	0.74653	0.87492		1
664	0.05932	0.00037	0	0.12915	0.04755	0	1.8803	1.00116	0.9177	0.77889	0.74763	0.87356		1
665	0.04366	0.00021	0	0.1212	0.04458	0	1.88762	1.00597	0.92133	0.78087	0.74873	0.8722		1
666	0.04366	0.00021	0	0.11364	0.04176	0	1.89494	1.01078	0.92496	0.78285	0.74983	0.87036		1
667	0.04366	0.00021	0	0.10646	0.03908	0	1.90224	1.01559	0.9286	0.78483	0.75093	0.86852		1
668	0.04366	0.00021	0	0.09969	0.03656	0	1.90954	1.02041	0.93223	0.78682	0.75202	0.86668		1
669	0.04366	0.00021	0	0.09333	0.0342	0	1.9168	1.02522	0.93587	0.7888	0.75312	0.86484		1
670	0.03149	0.00011	0	0.0874	0.032	0	1.92407	1.03003	0.9395	0.79078	0.75422	0.863		1
671	0.03149	0.00011	0	0.0819	0.02996	0	1.9313	1.02616	0.93551	0.78694	0.75037	0.861		1
672	0.03149	0.00011	0	0.0768	0.02808	0	1.93853	1.02229	0.93151	0.78311	0.74653	0.859		1
673	0.03149	0.00011	0	0.07208	0.02633	0	1.94574	1.01842	0.92752	0.77927	0.74268	0.857		1
674	0.03149	0.00011	0	0.06769	0.02471	0	1.95293	1.01455	0.92352	0.77543	0.73884	0.855		1
675	0.02294	6e-05	0	0.0636	0.0232	0	1.96011	1.01068	0.91953	0.77159	0.73499	0.853		1
676	0.02294	6e-05	0	0.05981	0.0218	0	1.96727	1.00681	0.91554	0.76775	0.73114	0.8504		1
677	0.02294	6e-05	0	0.05628	0.0205	0	1.97442	1.00294	0.91154	0.76391	0.7273	0.8478		1
678	0.02294	6e-05	0	0.05297	0.01928	0	1.98154	0.99907	0.90755	0.76008	0.72345	0.8452		1
679	0.02294	6e-05	0	0.04982	0.01812	0	1.98866	0.9952	0.90355	0.75624	0.71961	0.8426		1
680	0.01687	3e-05	0	0.04677	0.017	0	1.99575	0.99133	0.89956	0.7524	0.71576	0.84		1
681	0.01687	3e-05	0	0.04378	0.0159	0	2.00283	0.97958	0.88928	0.74417	0.70804	0.83642		1
682	0.01687	3e-05	0	0.04088	0.01484	0	2.00989	0.96783	0.879	0.73594	0.70031	0.83284		1
683	0.01687	3e-05	0	0.03807	0.01381	0	2.01693	0.95607	0.86873	0.72771	0.69259	0.82926		1
684	0.01687	3e-05	0	0.0354	0.01283	0	2.02396	0.94432	0.85845	0.71948	0.68486	0.82568		1
685	0.01187	1e-05	0	0.0329	0.01192	0	2.03096	0.93257	0.84817	0.71125	0.67714	0.8221		1
686	0.01187	1e-05	0	0.03056	0.01107	0	2.03795	0.92082	0.83789	0.70302	0.66942	0.81808		1
687	0.01187	1e-05	0	0.02838	0.01027	0	2.04492	0.90907	0.82761	0.69479	0.66169	0.81406		1
688	0.01187	1e-05	0	0.02634	0.00953	0	2.05188	0.89731	0.81733	0.68656	0.65397	0.81004		1
689	0.01187	1e-05	0	0.02445	0.00885	0	2.05881	0.88556	0.80705	0.67833	0.64624	0.80602		1
690	0.00819	0	0	0.0227	0.00821	0	2.06573	0.87381	0.79677	0.6701	0.63852	0.802		1
691	0.00819	0	0	0.02108	0.00762	0	2.07263	0.87803	0.79993	0.67192	0.63974	0.79808		1
692	0.00819	0	0	0.0196	0.00709	0	2.07951	0.88225	0.80309	0.67373	0.64097	0.79416		1
693	0.00819	0	0	0.01824	0.00659	0	2.08637	0.88648	0.80626	0.67554	0.64219	0.79024		1
694	0.00819	0	0	0.01699	0.00614	0	2.09321	0.8907	0.80942	0.67736	0.64342	0.78632		1
695	0.00572	0	0	0.01584	0.00572	0	2.10003	0.89492	0.81258	0.67917	0.64464	0.7824		1
696	0.00572	0	0	0.01479	0.00534	0	2.10683	0.89914	0.81574	0.68099	0.64586	0.77852		1
697	0.00572	0	0	0.01383	0.005	0	2.11362	0.90337	0.81891	0.6828	0.64709	0.77464		1
698	0.00572	0	0	0.01295	0.00468	0	2.12038	0.90759	0.82207	0.68462	0.64831	0.77076		1
699	0.00572	0	0	0.01213	0.00438	0	2.12713	0.91182	0.82524	0.68643	0.64954	0.76688		1
700	0.0041	0	0	0.01136	0.0041	0	2.13386	0.91604	0.8284	0.68824	0.65076	0.763		1
701	0.0041	0	0	0.01063	0.00384	0	2.14056	0.91732	0.8304	0.69088	0.65375	0.75912		1
702	0.0041	0	0	0.00994	0.00359	0	2.14726	0.91861	0.83241	0.69351	0.65675	0.75524		1
703	0.0041	0	0	0.00929	0.00335	0	2.15392	0.91989	0.83441	0.69614	0.65974	0.75136		1
704	0.0041	0	0	0.00868	0.00313	0	2.16057	0.92118	0.83642	0.69878	0.66274	0.74748		1
705	0.00291	0	0	0.00811	0.00293	0	2.1672	0.92246	0.83842	0.70141	0.66573	0.7436		1
706	0.00291	0	0	0.00758	0.00274	0	2.1738	0.92375	0.84042	0.70404	0.66872	0.73968		1
707	0.00291	0	0	0.00709	0.00256	0	2.18039	0.92503	0.84243	0.70668	0.67172	0.73576		1
708	0.00291	0	0	0.00663	0.00239	0	2.18696	0.92632	0.84443	0.70931	0.67471	0.73184		1
709	0.00291	0	0	0.0062	0.00224	0	2.19351	0.9276	0.84644	0.71194	0.67771	0.72792		1
710	0.0021	0	0	0.00579	0.00209	0	2.20003	0.92889	0.84844	0.71458	0.6807	0.724		1
711	0.0021	0	0	0.00541	0.00195	0	2.20653	0.91286	0.83383	0.70233	0.66907	0.72		1
712	0.0021	0	0	0.00505	0.00182	0	2.21302	0.89682	0.81922	0.69008	0.65744	0.716		1
713	0.0021	0	0	0.00472	0.0017	0	2.21948	0.88079	0.80461	0.67783	0.64582	0.712		1
714	0.0021	0	0	0.0044	0.00159	0	2.22592	0.86475	0.79	0.66558	0.63419	0.708		1
715	0.00148	0	0	0.00411	0.00148	0	2.23234	0.84872	0.77539	0.65333	0.62256	0.704		1
716	0.00148	0	0	0.00383	0.00138	0	2.23874	0.83268	0.76078	0.64108	0.61093	0.6998		1
717	0.00148	0	0	0.00358	0.00129	0	2.24512	0.81665	0.74617	0.62883	0.59931	0.6956		1
718	0.00148	0	0	0.00333	0.0012	0	2.25147	0.80061	0.73157	0.61658	0.58768	0.6914		1
719	0.00148	0	0	0.00311	0.00112	0	2.25781	0.78458	0.71696	0.60433	0.57606	0.6872		1
720	0.00105	0	0	0.0029	0.00105	0	2.26413	0.76854	0.70235	0.59208	0.56443	0.683		1
721	0.00105	0	0	0.0027	0.00098	0	2.27042	0.7782	0.71142	0.60004	0.57223	0.679		1
722	0.00105	0	0	0.00252	0.00091	0	2.27669	0.78786	0.72048	0.608	0.58003	0.675		1
723	0.00105	0	0	0.00235	0.00085	0	2.28293	0.79751	0.72955	0.61596	0.58783	0.671		1
724	0.00105	0	0	0.0022	0.00079	0	2.28917	0.80717	0.73861	0.62392	0.59563	0.667		1
725	0.00074	0	0	0.00205	0.00074	0	2.29538	0.81683	0.74768	0.63188	0.60343	0.663		1
726	0.00074	0	0	0.00191	0.00069	0	2.30155	0.82649	0.75675	0.63984	0.61123	0.6592		1
727	0.00074	0	0	0.00178	0.00064	0	2.30772	0.83614	0.76581	0.6478	0.61903	0.6554		1
728	0.00074	0	0	0.00166	0.0006	0	2.31386	0.8458	0.77488	0.65576	0.62682	0.6516		1
729	0.00074	0	0	0.00155	0.00056	0	2.31997	0.85545	0.78394	0.66372	0.63462	0.6478		1
730	0.00052	0	0	0.00144	0.00052	0	2.32607	0.86511	0.79301	0.67168	0.64242	0.644		1
731	0.00052	0	0	0.00134	0.00048	0	2.33214	0.87118	0.7987	0.67668	0.64733	0.6408		1
732	0.00052	0	0	0.00125	0.00045	0	2.33819	0.87725	0.80439	0.68168	0.65224	0.6376		1
733	0.00052	0	0	0.00116	0.00042	0	2.34422	0.88332	0.81009	0.68668	0.65715	0.6344		1
734	0.00052	0	0	0.00108	0.00039	0	2.35022	0.88939	0.81578	0.69168	0.66206	0.6312		1
735	0.00036	0	0	0.001	0.00036	0	2.35621	0.89546	0.82147	0.69668	0.66697	0.628		1
736	0.00036	0	0	0.00093	0.00034	0	2.36216	0.90153	0.82716	0.70167	0.67188	0.6254		1
737	0.00036	0	0	0.00086	0.00031	0	2.3681	0.9076	0.83285	0.70667	0.67679	0.6228		1
738	0.00036	0	0	0.0008	0.00029	0	2.37401	0.91366	0.83855	0.71167	0.68169	0.6202		1
739	0.00036	0	0	0.00074	0.00027	0	2.37991	0.91973	0.84424	0.71667	0.6866	0.6176		1
740	0.00025	0	0	0.00069	0.00025	0	2.38577	0.9258	0.84993	0.72167	0.69151	0.615		1
741	0.00025	0	0	0.00064	0.00023	0	2.39162	0.91145	0.83682	0.71062	0.68099	0.6124		1
742	0.00025	0	0	0.00059	0.00021	0	2.39744	0.8971	0.82371	0.69958	0.67047	0.6098		1
743	0.00025	0	0	0.00055	0.0002	0	2.40324	0.88275	0.81059	0.68853	0.65994	0.6072		1
744	0.00025	0	0	0.00051	0.00019	0	2.40901	0.8684	0.79748	0.67748	0.64942	0.6046		1
745	0.00017	0	0	0.00048	0.00017	0	2.41477	0.85405	0.78437	0.66643	0.6389	0.602		1
746	0.00017	0	0	0.00044	0.00016	0	2.42049	0.8397	0.77126	0.65539	0.62838	0.6		1
747	0.00017	0	0	0.00041	0.00015	0	2.4262	0.82535	0.75814	0.64434	0.61786	0.598		1
748	0.00017	0	0	0.00038	0.00014	0	2.43188	0.811	0.74503	0.63329	0.60733	0.596		1
749	0.00017	0	0	0.00036	0.00013	0	2.43754	0.79665	0.73191	0.62224	0.59681	0.594		1
750	0.00012	0	0	0.00033	0.00012	0	2.44317	0.7823	0.7188	0.6112	0.58629	0.592		1
751	0.00012	0	0	0.00031	0.00011	0	2.44879	0.76176	0.69971	0.59469	0.57028	0.5906		1
752	0.00012	0	0	0.00029	0.0001	0	2.45438	0.74122	0.68063	0.57818	0.55427	0.5892		1
753	0.00012	0	0	0.00027	0.0001	0	2.45994	0.72069	0.66154	0.56168	0.53825	0.5878		1
754	0.00012	0	0	0.00025	9e-05	0	2.46548	0.70015	0.64246	0.54517	0.52224	0.5864		1
755	8e-05	0	0	0.00023	8e-05	0	2.47099	0.67961	0.62337	0.52866	0.50623	0.585		1
756	8e-05	0	0	0.00022	8e-05	0	2.47649	0.65907	0.60428	0.51216	0.49022	0.5842		1
757	8e-05	0	0	0.0002	7e-05	0	2.48196	0.63853	0.58519	0.49565	0.47421	0.5834		1
758	8e-05	0	0	0.00019	7e-05	0	2.48741	0.618	0.56611	0.47914	0.45819	0.5826		1
759	8e-05	0	0	0.00018	6e-05	0	2.49283	0.59746	0.54702	0.46264	0.44218	0.5818		1
760	6e-05	0	0	0.00017	6e-05	0	2.49822	0.57692	0.52793	0.44613	0.42617	0.581		1
761	6e-05	0	0	0.00016	6e-05	0	2.50361	0.60215	0.55106	0.46573	0.44491	0.5808		1
762	6e-05	0	0	0.00014	5e-05	0	2.50895	0.62738	0.5742	0.48532	0.46364	0.5806		1
763	6e-05	0	0	0.00013	5e-05	0	2.51427	0.65261	0.59733	0.50492	0.48238	0.5804		1
764	6e-05	0	0	0.00013	5e-05	0	2.51958	0.67784	0.62047	0.52451	0.50111	0.5802		1
765	4e-05	0	0	0.00012	4e-05	0	2.52485	0.70307	0.6436	0.5441	0.51985	0.58		1
766	4e-05	0	0	0.00011	4e-05	0	2.53011	0.7283	0.66673	0.5637	0.53858	0.5804		1
767	4e-05	0	0	0.0001	4e-05	0	2.53535	0.75353	0.68987	0.58329	0.55732	0.5808		1
768	4e-05	0	0	0.0001	3e-05	0	2.54054	0.77877	0.713	0.60289	0.57605	0.5812		1
769	4e-05	0	0	9e-05	3e-05	0	2.54573	0.804	0.73614	0.62248	0.59479	0.5816		1
770	3e-05	0	0	8e-05	3e-05	0	2.55089	0.82923	0.75927	0.64208	0.61352	0.582		1
771	3e-05	0	0	8e-05	3e-05	0	2.55602	0.82458	0.75516	0.63879	0.61049	0.5826		1
772	3e-05	0	0	7e-05	3e-05	0	2.56112	0.81993	0.75105	0.6355	0.60746	0.5832		1
773	3e-05	0	0	7e-05	2e-05	0	2.56621	0.81529	0.74694	0.63221	0.60444	0.5838		1
774	3e-05	0	0	6e-05	2e-05	0	2.57127	0.81064	0.74283	0.62892	0.60141	0.5844		1
775	1e-05	0	0	6e-05	2e-05	0	2.57631	0.80599	0.73872	0.62563	0.59838	0.585		1
776	1e-05	0	0	5e-05	2e-05	0	2.58132	0.80134	0.73461	0.62234	0.59535	0.5862		1
777	1e-05	0	0	5e-05	2e-05	0	2.58631	0.79669	0.7305	0.61905	0.59232	0.5874		1
778	1e-05	0	0	5e-05	2e-05	0	2.59127	0.79204	0.7264	0.61576	0.5893	0.5886		1
779	1e-05	0	0	4e-05	2e-05	0	2.59621	0.78739	0.72229	0.61247	0.58627	0.5898		1
780	0	0	0	0	0	0	2.60112	0.78274	0.71818	0.60918	0.58324	0.591	
